Camera 0:
intrinsic:
1052.4219536166813 0.0 681.9634335914714 
0.0 1051.5187400367643 380.8685371438116 
0.0 0.0 1.0 
distortion:
0.11359968087890648 -0.0921029136881586 -0.0015383690261600849 0.0012506552528492572 -0.30866362350370624 

R:
1.0 0.0 0.0 
0.0 1.0 0.0 
0.0 0.0 1.0 
T:
0.0 
0.0 
0.0 


Camera 1:
intrinsic:
1067.5229248013413 0.0 653.7213851610588 
0.0 1066.229878987921 383.0417876976793 
0.0 0.0 1.0 
distortion:
0.1182883082976157 0.016775367625258854 -0.001177125559163524 -0.0016086357118690092 -0.8145662439392812 

R:
0.9998445912290095 0.0031186362949716284 0.01735129671680792 
-0.003441895279016866 0.9998204907099931 0.018631685734704088 
-0.017290076546484838 -0.018688511553576974 0.9996758438558614 
T:
9.989935331835486 
-0.020611071609860532 
2.3616168280136174 
